   354
   927
   293
   160
   160
   166
   526
   147
   274
   133
   217
   13
   617
   122
   465
   53
   642
   256
   160
   264
   489
   432
   84
   92
   518
   11
   0
   0
   0
   11
   162
   110
   1173
   672
   331
   0
   45
   206
   667
   622
   652
   383
   27
   47
   73
   125
   24
   45
   17
   93
   163
   608
   144
   53
   51
   42
   573
   422
   41
   495
   138
   1074
   825
   284
   149
   297
   116
   6
   720
   397
   391
   290
   158
   415
   651
   108
   131
   132
   103
   117
   110
   110
   133
   124
   109
   138
   113
   132
   124
   131
   108
   111
   110
   109
   103
   114
   114
   844
   915
   145
   109
   218
   216
   1195
   201
   1078
   133
   1232
   2036
   736
   244
   61
   86
   1268
   410
   253
   782
   33
   111
   269
   545
   71
   156
   68
   1833
   26
   483
   68
   383
   343
   294
   95
   50
   138
   102
   359
   1908
   199
   306
   318
   512
   2208
   201
   124
   212
   87
   239
   400
   70
   111
   192
   527
   542
   219
   299
   170
   66
   73
   625
   48
   100
   20
   1662
   88
   77
   344
   60
   748
   114
   85
   81
   194
   39
   43
   251
   221
   1782
   59
   398
   343
   1321
   335
   527
   87
   2021
   1849
   76
   97
   149
   75
   553
   417
   41
