 3610 
 5230 
 5702 
 4391 
 4405 
 4578 
 4313 
 4795 
 4089 
 6163 
 5860 
 3859 
 4815 
 4892 
 4969 
 5782 
 4989 
 7482 
 3974 
 5914 
 6155 
 5294 
 3727 
 4654 
 4725 
 4967 
 5152 
 5465 
 4949 
 4927 
 5858 
 5328 
 4946 
 4794 
 6087 
 5063 
 4517 
 4762 
 5839 
 5452 
 5192 
 4805 
 4578 
 4221 
 5829 
 3777 
 5109 
 6244 
 5078 
 5756 
 5112 
 5564 
 5814 
 4766 
 4888 
 5621 
 5713 
 5460 
 5181 
 4667 
 4640 
 4119 
 6171 
 5436 
 5598 
 5775 
 4929 
 5124 
 4341 
 5383 
 5695 
 4747 
 6109 
 5395 
 5986 
 3937 
 4139 
 4159 
 3945 
 3897 
 3923 
 4016 
 4151 
 4144 
 3976 
 3986 
 4001 
 4101 
 4036 
 4339 
 3929 
 3995 
 3843 
 3768 
 3754 
 3989 
 3993 
 4265 
 4563 
 5506 
 4214 
 4942 
 4937 
 5329 
 5180 
 5000 
 4815 
 4753 
 5384 
 4531 
 4484 
 4115 
 3664 
 4634 
 4542 
 4123 
 7305 
 5722 
 5843 
 5421 
 6179 
 5844 
 6224 
 5688 
 5836 
 6355 
 3670 
 4865 
 5133 
 5843 
 5542 
 6280 
 5888 
 5587 
 5449 
 4029 
 6183 
 6695 
 5890 
 6171 
 5917 
 5349 
 6287 
 4917 
 6056 
 6006 
 5240 
 4336 
 5387 
 6187 
 5690 
 7673 
 7831 
 5648 
 5872 
 6133 
 5799 
 5897 
 6646 
 5353 
 4663 
 5874 
 6539 
 5769 
 5741 
 6600 
 5075 
 5691 
 5681 
 5555 
 5376 
 6146 
 5742 
 5728 
 4893 
 6035 
 5673 
 6183 
 6752 
 6505 
 6668 
 4640 
 6113 
 5817 
 5857 
 5979 
 6651 
 3927 
 4355 
 4346 
 4977 
 4175 
 4525 
